37.783828,-122.209978|2641|37554|11020|6190
37.784578,-122.409355|2503|40039|11869|4696
37.750085,-122.485857|2604|37748|11261|6046
37.36134,-121.892566|1281|19500|6233|4088
37.321097,-121.924853|1351|18890|5391|3627
38.1163,-122.5714|4511|60667|23276|11244
37.650534,-122.486385|2047|31538|9920|5978
37.575535,-122.329881|1259|18094|5011|2878
37.783828,-122.209978|2641|37554|11020|6190
37.784578,-122.409355|2503|40039|11869|4696
37.750085,-122.485857|2604|37748|11261|7406
37.36134,-121.892566|1281|19500|6233|4088
37.321097,-121.924853|1351|18890|5391|5384
38.1163,-122.5714|4511|60667|23276|11244
37.650534,-122.486385|2047|31538|9920|5978
37.575535,-122.329881|1259|18094|5011|2878
37.783828,-122.209978|2641|37554|11020|6190
37.784578,-122.409355|2503|40039|11869|4696
37.750085,-122.485857|2604|37748|11261|7406
37.36134,-121.892566|1281|19500|6233|4088
37.321097,-121.924853|1351|18890|5391|5384
38.1163,-122.5714|4511|60667|23276|11244
37.650534,-122.486385|2047|31538|9920|5978
37.575535,-122.329881|1259|18094|5011|2878
37.783828,-122.209978|2641|37555|11020|6310
37.784578,-122.409355|2503|40039|11869|4716
37.750085,-122.485857|2604|37748|11261|6871
37.36134,-121.892566|1281|19500|6233|6133
37.321097,-121.924853|1351|18894|5391|4109
38.1163,-122.5714|4511|60667|23276|9097
37.650534,-122.486385|2047|31538|9920|5978
37.575535,-122.329881|1259|18094|5011|2878
37.783828,-122.209978|2641|37555|11020|6310
37.784578,-122.409355|2503|40039|11869|4716
37.750085,-122.485857|2604|37748|11261|6871
37.36134,-121.892566|1281|19500|6233|6133
37.321097,-121.924853|1351|18894|5391|4109
38.1163,-122.5714|4511|60667|23276|9097
37.650534,-122.486385|2047|31538|9920|5978
37.575535,-122.329881|1259|18094|5011|2878
37.783828,-122.209978|2641|37555|11020|6310
37.784578,-122.409355|2503|40039|11869|4716
37.750085,-122.485857|2604|37748|11261|6871
37.36134,-121.892566|1281|19500|6233|6133
37.321097,-121.924853|1351|18894|5391|4109
38.1163,-122.5714|4511|60667|23276|9097
37.650534,-122.486385|2047|31538|9920|5978
37.575535,-122.329881|1259|18094|5011|2878
37.783828,-122.209978|2641|37555|11020|6310
37.784578,-122.409355|2503|40039|11869|4716
37.750085,-122.485857|2604|37748|11261|6871
37.36134,-121.892566|1281|19500|6233|6171
37.321097,-121.924853|1351|18894|5391|4109
38.1163,-122.5714|4511|60667|23276|9097
37.650534,-122.486385|2047|31538|9920|5978
37.575535,-122.329881|1259|18094|5011|2878
37.783828,-122.209978|2641|37555|11020|6310
37.784578,-122.409355|2503|40039|11869|4716
37.750085,-122.485857|2604|37748|11261|6871
37.36134,-121.892566|1281|19500|6233|6171
37.321097,-121.924853|1351|18894|5391|4109
38.1163,-122.5714|4511|60667|23276|9097
37.650534,-122.486385|2047|31538|9920|5978
37.575535,-122.329881|1259|18094|5011|2878
37.783828,-122.209978|2641|37555|11020|6310
37.784578,-122.409355|2503|40039|11869|4716
37.750085,-122.485857|2604|37748|11261|6871
37.36134,-121.892566|1281|19500|6233|6171
37.321097,-121.924853|1351|18894|5391|4109
38.1163,-122.5714|4511|60667|23276|9097
37.650534,-122.486385|2047|31538|9920|5978
37.575535,-122.329881|1259|18094|5011|2878
